  0.005660  6.202
  0.005915  6.202
  0.006759  6.207
  0.008468  6.212
  0.009811  6.213
  0.011031  6.213
  0.012740  6.213
  0.013839  6.213
  0.014938  6.213
  0.018111  6.213
  0.019332  6.213
  0.020553  6.215
  0.021774  6.214
  0.022750  6.214
  0.026046  6.214
  0.028243  6.214
  0.029578  6.214
  0.030563  6.216
  0.030676  6.214
  0.031661  6.215
  0.032752  6.219
  0.034461  6.221
  0.035323  6.228
  0.036544  6.231
  0.036902  6.225
  0.037643  6.225
  0.038741  6.225
  0.039221  6.225
  0.039962  6.221
  0.040442  6.225
  0.040939  6.225
  0.041541  6.224
  0.042159  6.219
  0.042890  6.219
  0.043128  6.224
  0.043258  6.221
  0.043866  6.219
  0.044348  6.217
  0.044845  6.217
  0.045819  6.219
  0.046066  6.218
  0.047040  6.216
  0.047164  6.218
  0.047644  6.218
  0.048139  6.218
  0.048263  6.218
  0.048743  6.224
  0.049239  6.227
  0.049359  6.230
  0.050330  6.230
  0.050458  6.232
  0.050460  6.234
  0.051557  6.234
  0.051559  6.236
  0.051673  6.234
  0.052535  6.236
  0.052771  6.236
  0.052777  6.239
  0.053870  6.239
  0.053876  6.237
  0.054366  6.237
  0.054968  6.236
  0.055097  6.237
  0.056195  6.236
  0.057654  6.233
  0.057662  6.233
  0.058883  6.230
  0.059735  6.230
  0.059982  6.228
  0.061080  6.225
  0.062179  6.225
  0.063277  6.225
  0.065100  6.225
  0.065597  6.228
  0.067062  6.229
  0.067420  6.229
  0.068404  6.229
  0.068518  6.229
  0.069617  6.228
  0.070724  6.229
  0.071822  6.229
  0.073043  6.229
  0.074264  6.227
  0.075362  6.231
  0.076583  6.231
  0.077682  6.233
  0.079879  6.233
  0.081222  6.230
  0.082565  6.228
  0.083663  6.224
  0.084762  6.228
  0.087691  6.224
  0.088790  6.224
  0.090011  6.228
  0.091354  6.228
  0.092574  6.224
  0.093429  6.225
  0.095016  6.228
  0.097213  6.225
  0.098312  6.225
  0.101730  6.225
  0.102828  6.221
  0.103927  6.222
  0.105148  6.222
  0.106246  6.222
  0.107345  6.219
  0.108566  6.224
  0.109664  6.224
  0.111007  6.219
  0.112106  6.219
  0.115401  6.220
  0.116500  6.219
  0.117477  6.219
  0.118697  6.219
  0.119552  6.219
  0.120773  6.219
  0.122359  6.221
  0.123580  6.219
  0.124679  6.221
  0.127120  6.223
  0.128341  6.223
  0.129684  6.223
  0.130904  6.221
  0.132003  6.223
  0.133224  6.221
  0.134566  6.223
  0.135665  6.223
  0.136886  6.221
  0.137984  6.223
  0.138961  6.224
  0.140060  6.223
  0.141036  6.223
  0.142135  6.223
  0.143233  6.222
  0.147994  6.219
  0.152000  6.222
  0.152511  6.222
  0.153099  6.223
  0.154563  6.223
  0.155784  6.230
  0.156883  6.230
  0.157981  6.234
  0.159324  6.239
  0.160423  6.239
  0.161644  6.241
  0.162620  6.241
  0.163841  6.242
  0.165550  6.242
  0.167991  6.242
  0.175094  6.242
  0.176192  6.241
  0.177169  6.240
  0.178268  6.238
  0.179488  6.237
  0.182174  6.236
  0.183273  6.236
  0.184249  6.237
  0.185348  6.235
  0.186568  6.235
  0.187423  6.235
  0.188522  6.235
  0.188726  6.235
  0.189487  6.236
  0.189864  6.235
  0.190253  6.236
  0.191016  6.239
  0.191573  6.239
  0.191779  6.238
  0.192542  6.238
  0.193305  6.239
  0.193771  6.236
  0.194070  6.235
  0.194991  6.236
  0.195853  6.235
  0.196618  6.235
  0.196822  6.235
  0.197389  6.235
  0.198898  6.235
  0.198924  6.239
  0.199691  6.234
  0.200118  6.234
  0.200460  6.237
  0.201217  6.240
  0.201223  6.243
  0.201987  6.247
  0.203170  6.247
  0.203897  6.249
  0.204269  6.247
  0.205367  6.249
  0.205426  6.247
  0.206193  6.249
  0.206466  6.250
  0.206962  6.250
  0.207723  6.249
  0.208491  6.250
  0.208785  6.250
  0.209254  6.250
  0.210006  6.250
  0.211080  6.252
  0.211105  6.252
  0.211860  6.254
  0.212325  6.257
  0.212623  6.260
  0.213390  6.260
  0.213424  6.264
  0.214156  6.264
  0.214523  6.264
  0.215621  6.262
  0.216842  6.264
  0.217941  6.264
  0.218478  6.264
  0.219039  6.266
  0.219241  6.267
  0.220016  6.267
  0.221114  6.267
  0.222022  6.267
  0.222787  6.268
  0.223554  6.268
  0.223556  6.270
  0.224776  6.270
  0.225875  6.268
  0.226974  6.270
  0.228072  6.272
  0.228656  6.278
  0.229171  6.278
  0.232101  6.281
  0.233199  6.285
  0.234298  6.285
  0.235274  6.285
  0.236373  6.285
  0.237350  6.285
  0.238326  6.285
  0.238615  6.285
  0.239379  6.283
  0.239547  6.283
  0.240144  6.285
  0.240522  6.283
  0.240646  6.280
  0.240911  6.276
  0.241099  6.279
  0.241286  6.276
  0.241673  6.272
  0.241866  6.270
  0.242051  6.268
  0.242435  6.268
  0.242818  6.268
  0.243052  6.271
  0.243087  6.271
  0.243202  6.273
  0.243579  6.278
  0.243969  6.278
  0.244308  6.281
  0.244348  6.283
  0.245113  6.286
  0.245371  6.293
  0.245883  6.298
  0.246592  6.302
  0.247691  6.303
  0.248789  6.303
  0.250132  6.303
  0.251109  6.306
  0.252818  6.306
  0.253671  6.306
  0.253916  6.307
  0.255198  6.304
  0.255961  6.302
  0.256236  6.301
  0.256476  6.301
  0.256730  6.300
  0.257238  6.299
  0.257494  6.298
  0.257578  6.294
  0.257999  6.294
  0.258261  6.297
  0.258677  6.297
  0.258769  6.297
  0.259025  6.299
  0.259530  6.299
  0.259796  6.297
  0.259898  6.296
  0.260293  6.296
  0.260564  6.293
  0.260996  6.296
  0.261058  6.296
  0.261325  6.296
  0.261823  6.298
  0.262091  6.301
  0.262588  6.301
  0.262856  6.299
  0.263316  6.300
  0.263351  6.300
  0.263618  6.296
  0.264375  6.300
  0.264380  6.300
  0.264414  6.301
  0.265142  6.304
  0.265143  6.307
  0.265513  6.308
  0.265909  6.310
  0.265912  6.313
  0.266671  6.313
  0.266677  6.313
  0.266734  6.311
  0.267435  6.313
  0.267446  6.313
  0.268076  6.313
  0.268202  6.314
  0.268212  6.315
  0.268968  6.317
  0.268977  6.317
  0.269731  6.317
  0.270274  6.316
  0.270500  6.316
  0.271266  6.314
  0.272032  6.316
  0.272227  6.316
  0.273372  6.312
  0.273447  6.319
  0.274142  6.324
  0.274546  6.319
  0.274907  6.319
  0.275645  6.316
  0.275672  6.315
  0.276437  6.315
  0.276865  6.322
  0.277206  6.322
  0.277402  6.322
  0.277964  6.328
  0.277972  6.328
  0.278165  6.325
  0.278741  6.328
  0.279701  6.335
  0.280161  6.329
  0.280322  6.335
  0.280465  6.335
  0.281098  6.330
  0.281227  6.331
  0.281260  6.335
  0.281865  6.335
  0.281994  6.335
  0.282359  6.332
  0.283401  6.335
  0.284169  6.332
  0.284910  6.335
  0.284932  6.335
  0.285288  6.335
  0.285674  6.335
  0.285695  6.338
  0.286435  6.336
  0.286462  6.338
  0.287196  6.341
  0.287225  6.344
  0.287608  6.347
  0.288395  6.347
  0.288510  6.349
  0.289277  6.351
  0.289514  6.354
  0.290040  6.355
  0.290281  6.353
  0.290293  6.355
  0.290803  6.355
  0.291045  6.354
  0.291392  6.354
  0.291568  6.356
  0.292240  6.357
  0.292340  6.357
  0.292612  6.358
  0.293007  6.358
  0.293105  6.358
  0.293870  6.358
  0.294633  6.359
  0.294810  6.359
  0.295396  6.359
  0.296885  6.361
  0.296891  6.365
  0.298419  6.367
  0.299188  6.370
  0.299953  6.370
  0.300303  6.370
  0.300716  6.366
  0.301484  6.370
  0.301524  6.366
  0.302247  6.366
  0.302622  6.366
  0.303016  6.368
  0.304453  6.368
  0.305024  6.370
  0.305795  6.371
  0.305796  6.370
  0.306558  6.370
  0.306895  6.373
  0.307328  6.370
  0.307993  6.373
  0.308091  6.373
  0.308856  6.374
  0.309619  6.374
  0.309946  6.376
  0.310384  6.374
  0.311147  6.377
  0.311908  6.379
  0.313346  6.379
  0.313486  6.378
  0.314115  6.379
  0.314585  6.381
  0.314878  6.381
  0.315639  6.381
  0.316402  6.381
  0.317168  6.379
  0.317491  6.381
  0.317929  6.379
  0.318235  6.381
  0.318694  6.381
  0.319457  6.384
  0.319750  6.384
  0.320188  6.384
  0.320200  6.387
  0.320224  6.393
  0.320514  6.398
  0.321299  6.402
  0.321653  6.402
  0.322751  6.405
  0.323850  6.408
  0.326535  6.408
  0.328244  6.408
  0.329051  6.412
  0.329343  6.412
  0.329816  6.414
  0.330442  6.414
  0.330581  6.410
  0.331348  6.410
  0.332114  6.406
  0.332761  6.406
  0.333293  6.412
  0.333860  6.408
  0.334390  6.412
  0.335080  6.403
  0.335154  6.403
  0.335915  6.408
  0.336179  6.408
  0.337168  6.408
  0.337447  6.410
  0.337888  6.406
  0.338211  6.410
  0.338267  6.410
  0.338975  6.409
  0.339741  6.411
  0.340085  6.411
  0.340512  6.411
  0.341306  6.412
  0.341685  6.410
  0.342401  6.410
  0.342649  6.410
  0.342783  6.410
  0.343165  6.410
  0.343928  6.408
  0.344692  6.410
  0.344846  6.410
  0.345457  6.410
  0.345945  6.411
  0.346079  6.411
  0.346220  6.410
  0.346988  6.410
  0.347165  6.410
  0.347178  6.407
  0.347751  6.407
  0.348264  6.410
  0.348399  6.410
  0.348513  6.410
  0.349276  6.411
  0.349363  6.413
  0.350043  6.413
  0.350805  6.413
  0.350950  6.418
  0.351570  6.416
  0.352048  6.412
  0.352335  6.416
  0.352427  6.416
  0.353025  6.412
  0.353097  6.416
  0.353267  6.419
  0.353648  6.419
  0.353862  6.416
  0.354625  6.413
  0.354746  6.410
  0.355391  6.410
  0.356160  6.410
  0.356197  6.414
  0.356443  6.408
  0.356577  6.407
  0.356927  6.412
  0.357417  6.409
  0.357663  6.412
  0.357688  6.414
  0.358451  6.414
  0.358638  6.412
  0.358762  6.408
  0.358775  6.412
  0.359218  6.414
  0.359861  6.420
  0.359873  6.414
  0.359981  6.420
  0.360103  6.414
  0.360748  6.415
  0.361081  6.412
  0.362180  6.417
  0.363169  6.423
  0.363277  6.429
  0.363401  6.429
  0.363844  6.430
  0.364497  6.430
  0.364611  6.430
  0.365366  6.432
  0.365376  6.427
  0.365720  6.422
  0.366140  6.427
  0.366465  6.427
  0.366695  6.427
  0.366909  6.431
  0.366941  6.433
  0.367564  6.431
  0.367671  6.426
  0.367793  6.421
  0.368432  6.419
  0.368662  6.419
  0.368892  6.424
  0.369194  6.426
  0.369382  6.426
  0.369761  6.426
  0.369960  6.426
  0.369991  6.426
  0.370721  6.424
  0.370982  6.424
  0.371089  6.421
  0.371335  6.421
  0.371482  6.424
  0.372202  6.424
  0.372244  6.428
  0.372310  6.427
  0.372678  6.427
  0.373013  6.423
  0.373776  6.420
  0.374541  6.420
  0.375010  6.421
  0.375119  6.421
  0.375302  6.418
  0.376064  6.416
  0.376218  6.417
  0.376231  6.419
  0.376832  6.419
  0.377329  6.417
  0.377439  6.415
  0.377595  6.414
  0.378359  6.414
  0.378428  6.414
  0.379527  6.414
  0.379636  6.411
  0.380735  6.407
  0.380747  6.404
  0.381846  6.404
  0.382944  6.404
  0.383054  6.404
  0.385264  6.404
  0.386362  6.404
  0.387583  6.401
  0.388682  6.398
  0.389768  6.393
  0.389903  6.389
  0.390989  6.389
  0.391001  6.387
  0.393076  6.387
  0.394162  6.387
  0.395274  6.387
  0.396494  6.387
  0.396604  6.387
  0.397471  6.387
  0.397702  6.386
  0.398569  6.384
  0.399900  6.382
  0.400998  6.379
  0.401377  6.379
  0.402463  6.376
  0.403562  6.380
  0.404352  6.380
  0.404660  6.380
  0.405298  6.377
  0.406427  6.376
  0.409176  6.378
  0.409299  6.378
  0.409942  6.378
  0.411839  6.376
  0.412473  6.377
  0.414697  6.377
  0.415996  6.376
  0.417966  6.373
  0.420285  6.377
  0.421506  6.377
  0.422101  6.372
  0.422605  6.377
  0.422869  6.368
  0.423635  6.362
  0.424396  6.351
  0.424924  6.348
  0.425159  6.344
  0.425929  6.344
  0.426267  6.345
  0.426697  6.341
  0.426753  6.344
  0.427244  6.348
  0.427463  6.346
  0.427852  6.346
  0.428235  6.346
  0.428464  6.346
  0.429000  6.342
  0.429073  6.344
  0.430051  6.340
  0.430171  6.343
  0.430685  6.346
  0.431270  6.347
  0.431272  6.346
  0.431448  6.342
  0.432214  6.343
  0.432493  6.340
  0.432981  6.340
  0.433589  6.340
  0.433713  6.338
  0.433746  6.338
  0.434517  6.337
  0.434688  6.338
  0.434812  6.338
  0.435285  6.340
  0.436051  6.339
  0.436397  6.338
  0.436521  6.338
  0.436818  6.339
  0.437618  6.341
  0.437619  6.345
  0.438716  6.349
  0.438718  6.345
  0.439937  6.349
  0.440659  6.349
  0.441029  6.350
  0.441526  6.352
  0.442128  6.352
  0.442746  6.351
  0.443349  6.346
  0.443833  6.345
  0.444936  6.345
  0.444944  6.337
  0.445175  6.331
  0.447011  6.327
  0.447263  6.324
  0.448231  6.321
  0.448362  6.318
  0.448496  6.318
  0.449330  6.317
  0.449582  6.315
  0.449839  6.312
  0.450546  6.312
  0.450938  6.315
  0.451902  6.312
  0.452158  6.308
  0.453122  6.309
  0.454597  6.305
  0.454844  6.307
  0.455063  6.304
  0.455442  6.304
  0.455653  6.313
  0.455943  6.313
  0.456162  6.304
  0.456420  6.298
  0.456540  6.306
  0.457041  6.306
  0.457733  6.294
  0.457883  6.290
  0.458499  6.283
  0.459238  6.283
  0.459268  6.283
  0.459714  6.283
  0.460031  6.283
  0.460337  6.286
  0.460800  6.283
  0.461289  6.283
  0.461558  6.283
  0.461568  6.282
  0.462331  6.283
  0.462387  6.283
  0.462656  6.283
  0.463010  6.288
  0.463096  6.288
  0.463755  6.288
  0.463861  6.290
  0.464109  6.291
  0.464628  6.291
  0.464854  6.287
  0.465329  6.287
  0.465392  6.289
  0.466160  6.282
  0.466428  6.283
  0.466904  6.283
  0.466926  6.283
  0.467295  6.282
  0.467649  6.284
  0.467697  6.282
  0.468125  6.282
  0.468462  6.282
  0.468516  6.282
  0.469223  6.282
  0.469224  6.286
  0.469968  6.286
  0.469989  6.285
  0.470322  6.284
  0.470347  6.284
  0.470755  6.283
  0.471189  6.285
  0.471420  6.285
  0.471519  6.288
  0.471934  6.283
  0.472283  6.283
  0.472287  6.281
  0.473200  6.281
  0.473386  6.281
  0.473968  6.276
  0.474485  6.276
  0.474738  6.274
  0.475503  6.271
  0.476268  6.271
  0.477033  6.276
  0.477292  6.276
  0.477800  6.270
  0.478391  6.267
  0.478565  6.267
  0.479330  6.265
  0.480092  6.265
  0.480100  6.265
  0.480857  6.264
  0.481626  6.264
  0.482393  6.264
  0.482419  6.264
  0.483158  6.263
  0.483925  6.263
  0.484128  6.263
  0.484688  6.263
  0.485450  6.262
  0.486215  6.263
  0.486987  6.261
  0.487756  6.257
  0.487904  6.261
  0.488989  6.260
  0.489011  6.257
  0.490224  6.260
  0.493759  6.260
  0.494496  6.264
  0.494858  6.264
  0.495595  6.269
  0.495957  6.264
  0.497666  6.269
  0.498764  6.269
  0.499985  6.274
  0.500120  6.269
  0.501084  6.269
  0.501218  6.274
  0.502182  6.272
  0.502317  6.277
  0.503163  6.277
  0.503403  6.273
  0.504514  6.273
  0.505478  6.272
  0.505857  6.269
  0.507444  6.269
  0.508542  6.269
  0.509641  6.269
  0.511106  6.265
  0.511826  6.263
  0.512327  6.263
  0.512924  6.262
  0.513425  6.260
  0.514524  6.260
  0.515122  6.260
  0.515622  6.262
  0.516220  6.260
  0.516843  6.257
  0.517441  6.256
  0.518540  6.254
  0.519638  6.253
  0.520017  6.253
  0.520375  6.249
  0.520859  6.251
  0.521238  6.247
  0.522214  6.249
  0.522328  6.244
  0.522568  6.244
  0.523427  6.244
  0.523667  6.239
  0.524525  6.239
  0.524778  6.239
  0.524887  6.239
  0.525624  6.239
  0.525876  6.244
  0.526596  6.240
  0.526723  6.243
  0.526975  6.246
  0.527821  6.243
  0.528074  6.243
  0.529042  6.243
  0.529172  6.243
  0.530019  6.243
  0.530136  6.243
  0.530271  6.243
  0.531235  6.243
  0.531239  6.246
  0.531370  6.246
  0.532460  6.250
  0.532468  6.246
  0.532822  6.250
  0.533314  6.250
  0.533567  6.250
  0.534535  6.252
  0.534665  6.252
  0.535019  6.250
  0.535764  6.250
  0.536122  6.246
  0.536863  6.250
  0.537221  6.252
  0.537583  6.250
  0.537961  6.252
  0.538681  6.249
  0.538686  6.248
  0.539304  6.251
  0.539902  6.249
  0.540403  6.249
  0.540639  6.245
  0.541501  6.244
  0.541981  6.244
  0.542221  6.246
  0.542600  6.246
  0.543202  6.246
  0.543821  6.243
  0.544419  6.241
  0.544919  6.240
  0.545277  6.240
  0.545517  6.242
  0.546018  6.242
  0.546376  6.242
  0.546860  6.242
  0.548573  6.238
  0.548703  6.238
  0.549668  6.238
  0.549680  6.238
  0.550771  6.238
  0.550779  6.233
  0.550888  6.235
  0.551865  6.235
  0.552113  6.240
  0.554794  6.237
  0.555653  6.235
  0.555893  6.230
  0.557114  6.225
  0.561630  6.225
  0.562729  6.230
  0.563950  6.229
  0.565048  6.229
  0.566269  6.222
  0.567368  6.224
  0.568588  6.219
  0.569687  6.221
  0.571030  6.221
  0.573354  6.225
  0.575302  6.225
  0.576401  6.225
  0.577500  6.220
  0.578720  6.220
  0.580918  6.220
  0.582138  6.220
  0.583237  6.217
  0.584458  6.217
  0.585434  6.220
  0.586533  6.225
  0.587753  6.230
  0.587981  6.231
  0.588730  6.234
  0.589080  6.231
  0.590317  6.231
  0.591416  6.228
  0.592636  6.228
  0.593597  6.231
  0.593857  6.236
  0.594695  6.236
  0.595200  6.231
  0.595916  6.238
  0.596176  6.239
  0.597137  6.237
  0.598723  6.235
  0.598984  6.237
  0.599822  6.238
  0.600205  6.238
  0.601043  6.238
  0.601547  6.238
  0.602264  6.238
  0.603256  6.238
  0.603362  6.240
  0.604355  6.238
  0.604461  6.240
  0.605576  6.243
  0.606658  6.243
  0.606674  6.243
  0.607757  6.243
  0.608977  6.244
  0.608994  6.245
  0.610076  6.247
  0.611191  6.245
  0.612412  6.246
  0.612762  6.245
  0.613510  6.246
  0.613982  6.246
  0.614609  6.246
  0.615081  6.246
  0.615830  6.246
  0.616302  6.246
  0.617050  6.247
  0.617400  6.247
  0.618149  6.248
  0.618499  6.248
  0.619248  6.250
  0.619720  6.248
  0.620346  6.248
  0.620940  6.248
  0.621445  6.248
  0.622039  6.248
  0.622666  6.247
  0.623382  6.248
  0.623886  6.248
  0.624969  6.248
  0.624985  6.248
  0.626084  6.244
  0.626189  6.241
  0.627532  6.236
  0.627670  6.236
  0.628631  6.236
  0.628769  6.241
  0.629729  6.242
  0.629990  6.245
  0.630950  6.243
  0.631821  6.244
  0.631927  6.244
  0.633147  6.238
  0.634246  6.240
  0.635239  6.240
  0.635833  6.240
  0.636337  6.243
  0.636931  6.246
  0.637314  6.246
  0.638535  6.242
  0.638640  6.242
  0.639617  6.239
  0.640244  6.241
  0.641464  6.237
  0.642058  6.238
  0.643279  6.238
  0.644028  6.238
  0.644378  6.238
  0.645127  6.238
  0.646225  6.237
  0.646819  6.235
  0.647324  6.234
  0.647918  6.232
  0.648422  6.234
  0.649139  6.234
  0.649643  6.234
  0.651824  6.233
  0.652207  6.233
  0.652923  6.235
  0.653305  6.236
  0.654143  6.233
  0.655014  6.237
  0.655242  6.237
  0.656113  6.243
  0.656463  6.246
  0.657211  6.246
  0.658310  6.246
  0.658660  6.246
  0.659881  6.244
  0.660979  6.244
  0.662810  6.242
  0.663909  6.244
  0.665750  6.242
  0.665984  6.243
  0.667083  6.237
  0.667215  6.243
  0.668426  6.237
  0.668558  6.237
  0.669768  6.230
  0.669778  6.230
  0.670745  6.237
  0.671365  6.237
  0.671844  6.244
  0.672464  6.244
  0.673064  6.247
  0.673685  6.247
  0.674163  6.243
  0.674783  6.244
  0.675262  6.244
  0.676482  6.244
  0.676614  6.244
  0.677703  6.248
  0.677713  6.248
  0.678812  6.248
  0.678924  6.246
  0.680022  6.242
  0.680765  6.238
  0.681121  6.235
  0.681863  6.235
  0.682220  6.232
  0.683562  6.235
  0.684061  6.235
  0.684661  6.237
  0.685281  6.233
  0.686248  6.237
  0.686380  6.237
  0.687479  6.233
  0.687591  6.233
  0.688577  6.231
  0.688811  6.228
  0.689676  6.228
  0.689910  6.229
  0.691009  6.229
  0.691995  6.229
  0.692107  6.229
  0.693216  6.229
  0.694315  6.229
  0.694427  6.229
  0.695413  6.230
  0.696380  6.228
  0.697122  6.228
  0.697478  6.228
  0.698221  6.228
  0.698699  6.230
  0.699442  6.231
  0.700530  6.231
  0.700540  6.231
  0.701629  6.233
  0.701639  6.233
  0.702849  6.236
  0.703948  6.236
  0.703958  6.239
  0.704925  6.239
  0.704935  6.242
  0.706023  6.242
  0.706400  6.242
  0.707122  6.243
  0.707376  6.242
  0.708221  6.238
  0.708597  6.237
  0.709319  6.237
  0.709695  6.237
  0.710418  6.237
  0.710916  6.240
  0.711394  6.237
  0.712015  6.240
  0.712371  6.237
  0.713470  6.234
  0.714568  6.231
  0.715667  6.233
  0.716643  6.233
  0.716653  6.230
  0.717742  6.230
  0.718841  6.230
  0.718851  6.228
  0.719949  6.224
  0.720061  6.225
  0.721160  6.225
  0.721170  6.224
  0.722381  6.227
  0.723479  6.224
  0.723611  6.224
  0.724578  6.227
  0.724832  6.227
  0.725799  6.225
  0.726297  6.227
  0.726897  6.227
  0.727518  6.225
  0.727752  6.225
  0.728850  6.225
  0.729837  6.225
  0.729949  6.224
  0.730936  6.222
  0.731536  6.222
  0.732156  6.220
  0.732635  6.220
  0.733743  6.220
  0.734099  6.218
  0.734842  6.218
  0.735941  6.218
  0.736297  6.218
  0.737161  6.220
  0.737639  6.220
  0.738260  6.220
  0.738738  6.220
  0.739481  6.221
  0.739715  6.222
  0.740701  6.222
  0.740813  6.223
  0.741800  6.225
  0.742034  6.226
  0.742899  6.225
  0.743133  6.225
  0.743997  6.223
  0.744231  6.221
  0.745096  6.221
  0.746194  6.220
  0.746795  6.219
  0.747293  6.219
  0.747893  6.219
  0.748514  6.219
  0.749114  6.219
  0.749735  6.222
  0.750833  6.219
  0.751311  6.217
  0.752054  6.216
  0.752410  6.217
  0.753397  6.219
  0.753631  6.219
  0.754373  6.220
  0.754729  6.220
  0.755594  6.222
  0.756194  6.222
  0.756693  6.221
  0.757280  6.221
  0.757293  6.221
  0.758391  6.221
  0.759134  6.221
  0.759233  6.226
  0.759612  6.230
  0.759988  6.230
  0.760711  6.228
  0.761431  6.225
  0.761931  6.228
  0.762529  6.228
  0.763628  6.228
  0.764373  6.229
  0.764849  6.229
  0.765472  6.229
  0.765604  6.231
  0.766069  6.229
  0.766570  6.227
  0.766702  6.222
  0.767290  6.219
  0.768889  6.219
  0.769022  6.219
  0.771331  6.223
  0.771341  6.223
  0.772430  6.219
  0.773538  6.221
  0.774749  6.221
  0.775735  6.218
  0.776834  6.215
  0.777933  6.216
  0.779153  6.214
  0.780252  6.214
  0.781473  6.216
  0.783792  6.214
  0.784016  6.217
  0.784891  6.214
  0.785867  6.214
  0.786966  6.214
  0.787311  6.214
  0.788187  6.214
  0.788532  6.214
  0.789285  6.214
  0.791950  6.217
  0.793291  6.217
  0.794390  6.219
  0.795732  6.221
  0.796831  6.221
  0.797077  6.220
  0.798052  6.221
  0.799150  6.220
  0.799661  6.220
  0.800760  6.220
  0.804279  6.220
  0.805500  6.220
  0.806253  6.220
  0.806843  6.221
  0.807352  6.220
  0.807941  6.217
  0.808572  6.220
  0.809793  6.217
  0.810892  6.213
  0.811990  6.207
  0.841387  6.211
  0.842363  6.211
  0.843462  6.211
  0.844683  6.211
  0.845903  6.206
  0.847002  6.211
  0.847562  6.211
  0.848345  6.210
  0.848452  6.210
  0.849331  6.213
  0.849565  6.213
  0.850786  6.212
  0.851088  6.218
  0.851885  6.218
  0.852710  6.220
  0.853228  6.218
  0.853598  6.219
  0.854326  6.220
  0.854482  6.222
  0.855425  6.222
  0.856248  6.222
  0.856768  6.222
  0.857552  6.226
  0.857866  6.223
  0.858431  6.222
  0.858965  6.230
  0.859315  6.233
  0.861284  6.225
  0.861957  6.225
  0.862505  6.225
  0.862836  6.225
  0.863718  6.221
  0.863726  6.225
  0.864598  6.217
  0.865477  6.218
  0.866845  6.210
  0.867632  6.206
  0.867727  6.204
  0.868608  6.206
  0.868853  6.205
  0.869487  6.202
  0.870371  6.199
  0.871253  6.199
  0.872130  6.199
  0.872271  6.199
  0.873010  6.203
  0.873891  6.209
  0.874780  6.203
  0.875662  6.209
  0.876542  6.213
  0.876909  6.213
  0.877033  6.220
  0.877421  6.223
  0.877741  6.223
  0.878303  6.225
  0.878498  6.230
  0.878840  6.232
  0.879185  6.236
  0.879597  6.232
  0.880067  6.232
  0.880695  6.232
  0.880944  6.232
  0.881794  6.235
  0.881827  6.232
  0.882713  6.230
  0.884357  6.230
  0.885822  6.228
  0.886919  6.228
  0.886993  6.228
  0.887043  6.228
  0.887629  6.224
  0.887875  6.224
  0.887896  6.221
  0.888264  6.221
  0.888754  6.221
  0.889116  6.220
  0.889362  6.220
  0.889634  6.220
  0.890215  6.222
  0.890518  6.220
  0.891047  6.220
  0.891193  6.221
  0.891313  6.223
  0.891405  6.223
  0.892282  6.223
  0.892534  6.229
  0.893159  6.223
  0.893633  6.223
  0.894001  6.223
  0.894041  6.222
  0.894731  6.220
  0.894919  6.223
  0.895344  6.225
  0.895804  6.222
  0.895830  6.222
  0.896442  6.222
  0.896691  6.222
  0.896929  6.225
  0.897574  6.220
  0.897905  6.221
  0.898457  6.221
  0.898762  6.223
  0.899004  6.223
  0.899226  6.223
  0.899336  6.223
  0.899982  6.224
  0.900103  6.224
  0.900446  6.224
  0.901081  6.224
  0.901545  6.224
  0.901934  6.224
  0.901936  6.224
  0.901977  6.224
  0.902521  6.226
  0.902864  6.226
  0.902910  6.226
  0.903034  6.227
  0.903745  6.229
  0.904131  6.229
  0.904255  6.232
  0.905352  6.232
  0.905353  6.232
  0.905451  6.232
  0.906328  6.232
  0.906385  6.236
  0.906452  6.232
  0.906550  6.229
  0.907429  6.222
  0.907526  6.219
  0.907549  6.219
  0.908405  6.219
  0.909502  6.219
  0.909626  6.211
  0.910601  6.216
  0.910725  6.211
  0.911577  6.216
  0.911945  6.216
  0.912798  6.216
  0.913044  6.216
  0.914019  6.215
  0.914995  6.219
  0.915239  6.219
  0.916460  6.220
  0.917559  6.219
  0.917683  6.219
  0.919634  6.219
  0.920732  6.218
  0.920978  6.219
  0.921953  6.219
  0.922541  6.221
  0.922930  6.219
  0.924150  6.220
  0.924860  6.218
  0.925249  6.218
  0.926348  6.217
  0.927568  6.219
  0.928156  6.219
  0.928667  6.224
  0.929377  6.224
  0.929784  6.223
  0.930620  6.221
  0.930952  6.221
  0.931808  6.221
  0.931834  6.221
  0.931841  6.221
  0.932713  6.230
  0.932939  6.230
  0.933883  6.232
  0.934160  6.232
  0.935015  6.241
  0.935104  6.232
  0.935357  6.232
  0.935627  6.235
  0.936202  6.235
  0.936243  6.245
  0.936357  6.241
  0.936970  6.252
  0.937124  6.241
  0.937423  6.229
  0.937456  6.225
  0.938008  6.220
  0.938190  6.220
  0.938677  6.219
  0.938766  6.224
  0.938888  6.219
  0.939289  6.219
  0.941047  6.223
  0.941931  6.219
  0.942062  6.222
  0.942810  6.221
  0.943160  6.223
  0.943195  6.223
  0.943688  6.225
  0.944137  6.225
  0.944538  6.223
  0.944571  6.225
  0.945454  6.223
  0.945637  6.223
  0.946330  6.221
  0.946822  6.223
  0.946857  6.223
  0.947208  6.223
  0.947921  6.225
  0.947956  6.223
  0.948090  6.220
  0.948967  6.217
  0.949055  6.217
  0.949844  6.217
  0.949996  6.219
  0.950153  6.222
  0.950723  6.217
  0.951374  6.214
  0.951607  6.222
  0.951827  6.229
  0.952484  6.222
  0.952717  6.229
  0.953048  6.224
  0.953361  6.224
  0.953815  6.224
  0.954147  6.230
  0.954238  6.236
  0.954914  6.238
  0.955123  6.239
  0.956135  6.240
  0.956466  6.238
  0.956883  6.240
  0.958123  6.240
  0.958785  6.238
  0.958820  6.235
  0.959919  6.238
  0.960006  6.235
  0.960845  6.235
  0.961349  6.236
  0.961968  6.239
  0.962727  6.236
  0.963210  6.233
  0.963668  6.234
  0.963825  6.231
  0.964091  6.231
  0.964767  6.231
  0.964924  6.231
  0.965253  6.234
  0.965856  6.234
  0.965865  6.234
  0.966022  6.234
  0.966474  6.234
  0.966736  6.234
  0.967452  6.227
  0.967694  6.227
  0.968220  6.230
  0.968500  6.234
  0.968551  6.234
  0.968671  6.234
  0.969318  6.234
  0.969377  6.243
  0.969770  6.243
  0.970504  6.245
  0.970539  6.245
  0.970990  6.250
  0.971139  6.250
  0.971760  6.253
  0.972016  6.253
  0.972089  6.253
  0.972213  6.253
  0.972894  6.253
  0.972980  6.250
  0.973188  6.244
  0.973434  6.250
  0.973771  6.246
  0.974201  6.246
  0.974286  6.244
  0.974532  6.238
  0.975300  6.244
  0.975537  6.238
  0.975753  6.238
  0.976419  6.231
  0.976520  6.238
  0.976606  6.236
  0.977301  6.235
  0.977340  6.235
  0.977619  6.231
  0.977704  6.241
  0.978184  6.239
  0.978439  6.239
  0.978718  6.239
  0.979064  6.240
  0.979537  6.250
  0.979938  6.250
  0.980268  6.255
  0.980636  6.252
  0.981159  6.252
  0.981734  6.252
  0.981769  6.259
  0.982649  6.266
  0.982831  6.265
  0.982833  6.265
  0.983356  6.272
  0.983540  6.272
  0.983810  6.272
  0.983930  6.265
  0.984418  6.265
  0.984577  6.267
  0.984908  6.267
  0.985273  6.265
  0.985304  6.265
  0.985798  6.270
  0.986129  6.270
  0.986191  6.265
  0.987068  6.260
  0.987470  6.265
  0.987873  6.271
  0.987949  6.261
  0.988691  6.271
  0.988692  6.271
  0.988827  6.273
  0.989709  6.272
  0.989791  6.262
  0.989911  6.262
  0.990586  6.250
  0.990890  6.250
  0.991470  6.253
  0.991866  6.253
  0.992350  6.253
  0.992353  6.268
  0.993207  6.253
  0.993231  6.251
  0.994112  6.256
  0.994674  6.256
  0.995771  6.266
  0.995866  6.266
  0.995895  6.269
  0.996748  6.276
  0.996991  6.276
  0.997968  6.276
  0.998702  6.279
  0.998944  6.276
  0.999801  6.273
  1.000043  6.273
  1.000777  6.270
  1.001020  6.273
  1.001876  6.273
  1.002118  6.273
  1.002975  6.273
  1.003095  6.270
  1.004073  6.269
  1.005294  6.270
  1.005414  6.270
  1.006192  6.270
  1.006635  6.271
  1.007369  6.270
  1.007437  6.270
  1.007733  6.270
  1.008468  6.268
  1.008832  6.264
  1.009688  6.257
  1.009931  6.257
  1.010702  6.258
  1.010787  6.258
  1.011832  6.256
  1.011886  6.253
  1.012946  6.253
  1.014044  6.250
  1.015097  6.250
  1.015863  6.244
  1.016524  6.245
  1.016633  6.240
  1.017403  6.245
  1.017745  6.245
  1.018168  6.249
  1.018936  6.249
  1.019701  6.253
  1.020573  6.249
  1.021641  6.245
  1.022409  6.248
  1.022872  6.252
  1.023174  6.252
  1.023943  6.253
  1.023971  6.253
  1.024708  6.254
  1.025470  6.257
  1.026241  6.257
  1.026412  6.266
  1.026776  6.257
  1.027010  6.254
  1.027511  6.264
  1.027776  6.254
  1.027875  6.264
  1.028544  6.269
  1.029218  6.269
  1.029313  6.269
  1.030078  6.269
  1.030316  6.279
  1.030844  6.270
  1.031415  6.279
  1.031610  6.270
  1.032380  6.279
  1.032514  6.276
  1.033146  6.280
  1.033734  6.283
  1.033911  6.285
  1.034103  6.287
  1.034672  6.287
  1.034833  6.287
  1.035439  6.287
  1.035932  6.289
  1.036207  6.289
  1.037152  6.285
  1.037190  6.291
  1.037398  6.288
  1.037952  6.292
  1.038723  6.295
  1.039350  6.295
  1.039485  6.295
  1.040248  6.290
  1.040328  6.290
  1.041012  6.285
  1.041059  6.285
  1.041427  6.285
  1.041781  6.291
  1.042279  6.286
  1.042546  6.293
  1.042647  6.298
  1.043311  6.301
  1.043746  6.301
  1.044077  6.296
  1.044477  6.289
  1.044846  6.296
  1.045211  6.289
  1.045611  6.296
  1.046064  6.289
  1.046375  6.289
  1.046918  6.285
  1.047140  6.285
  1.047530  6.285
  1.047906  6.291
  1.048505  6.290
  1.048675  6.290
  1.049440  6.290
  1.049604  6.293
  1.050210  6.296
  1.050702  6.296
  1.050976  6.296
  1.051743  6.298
  1.051923  6.298
  1.052516  6.303
  1.053268  6.309
  1.053285  6.309
  1.054051  6.309
  1.054364  6.315
  1.054813  6.315
  1.055584  6.323
  1.056684  6.323
  1.056686  6.323
  1.056705  6.323
  1.057470  6.327
  1.057904  6.327
  1.058243  6.323
  1.059003  6.325
  1.059005  6.325
  1.059007  6.328
  1.059771  6.320
  1.060224  6.328
  1.060537  6.328
  1.061302  6.326
  1.061322  6.326
  1.062069  6.326
  1.062543  6.326
  1.062833  6.325
  1.063522  6.333
  1.063604  6.325
  1.063764  6.324
  1.064372  6.333
  1.064620  6.326
  1.064862  6.326
  1.065134  6.328
  1.065841  6.328
  1.065896  6.316
  1.066664  6.328
  1.067062  6.321
  1.067430  6.334
  1.068158  6.321
  1.068160  6.314
  1.068197  6.314
  1.068959  6.313
  1.069257  6.310
  1.069726  6.317
  1.070356  6.317
  1.070490  6.323
  1.071212  6.323
  1.071253  6.321
  1.071454  6.323
  1.072020  6.323
  1.072311  6.323
  1.072675  6.323
  1.072787  6.323
  1.073531  6.331
  1.073551  6.338
  1.073896  6.338
  1.074359  6.346
  1.074994  6.346
  1.075145  6.345
  1.075484  6.338
  1.076433  6.338
  1.076583  6.340
  1.077314  6.340
  1.077560  6.340
  1.077676  6.340
  1.078536  6.344
  1.078753  6.349
  1.079518  6.349
  1.079635  6.343
  1.080280  6.343
  1.082564  6.343
  1.083434  6.339
  1.083541  6.343
  1.084566  6.339
  1.084884  6.347
  1.085335  6.347
  1.085860  6.342
  1.086100  6.351
  1.088500  6.351
  1.088790  6.365
  1.089270  6.351
  1.089889  6.367
  1.090035  6.353
  1.090800  6.368
  1.091109  6.373
  1.091870  6.387
  1.092208  6.387
  1.093030  6.373
  1.093307  6.387
  1.094113  6.374
  1.094527  6.374
  1.094882  6.384
  1.095626  6.370
  1.095648  6.370
  1.096416  6.359
  1.098542  6.370
  1.099623  6.370
  1.100391  6.381
  1.101469  6.381
  1.102235  6.384
  1.106662  6.384
  1.108077  6.384
  1.108841  6.387
  1.109408  6.387
  1.110384  6.389
  1.111196  6.392
  1.111483  6.398
  1.112426  6.404
  1.112703  6.404
  1.113924  6.404
  1.116121  6.404
  1.117220  6.404
  1.120028  6.399
  1.122347  6.399
  1.123091  6.399
  1.123446  6.405
  1.123857  6.412
  1.124422  6.412
  1.124625  6.412
  1.125396  6.412
  1.125521  6.409
  1.126169  6.409
  1.126864  6.408
  1.126931  6.408
  1.127693  6.409
  1.127962  6.409
  1.128464  6.409
  1.129226  6.409
  1.129994  6.409
  1.130765  6.409
  1.130892  6.409
  1.131538  6.411
  1.132113  6.413
  1.132305  6.411
  1.133069  6.413
  1.133333  6.413
  1.133836  6.413
  1.134432  6.416
  1.135340  6.419
  1.135653  6.418
  1.136111  6.418
  1.136751  6.418
  1.136880  6.425
  1.137642  6.418
  1.138408  6.418
  1.139170  6.418
  1.139935  6.415
  1.140047  6.409
  1.140704  6.414
  1.141268  6.414
  1.141473  6.422
  1.142237  6.429
  1.142367  6.432
  1.143004  6.423
  1.143776  6.432
  1.144544  6.433
  1.144564  6.436
  1.145309  6.434
  1.145662  6.434
  1.146074  6.434
  1.146836  6.431
  1.147601  6.431
  1.147738  6.431
  1.148364  6.432
  1.149127  6.432
  1.149897  6.432
  1.149935  6.432
  1.150665  6.431
  1.151034  6.431
  1.151432  6.431
  1.152118  6.432
  1.152203  6.432
  1.152376  6.432
  1.152975  6.430
  1.153475  6.431
  1.153737  6.436
  1.156330  6.441
  1.157015  6.441
  1.157095  6.441
  1.157861  6.441
  1.158114  6.440
  1.160311  6.440
  1.161409  6.444
  1.162752  6.445
  1.163607  6.445
  1.164827  6.446
  1.165790  6.446
  1.165926  6.446
  1.166888  6.450
  1.169086  6.454
  1.169832  6.459
  1.170184  6.463
  1.171649  6.469
  1.172152  6.474
  1.172748  6.478
  1.173968  6.478
  1.177386  6.478
  1.178607  6.478
  1.179706  6.474
  1.181415  6.468
  1.182039  6.466
  1.182635  6.455
  1.183734  6.455
  1.186051  6.441
  1.188127  6.434
  1.189225  6.424
  1.190446  6.415
  1.191545  6.412
  1.192765  6.402
  1.193864  6.402
  1.194963  6.402
  1.194964  6.395
  1.196063  6.395
  1.197284  6.395
  1.197770  6.402
  1.199115  6.397
  1.199967  6.398
  1.200213  6.399
  1.201312  6.399
  1.202043  6.404
  1.202533  6.408
  1.203752  6.405
  1.203753  6.405
  1.204850  6.405
  1.204852  6.399
  1.206437  6.403
  1.207294  6.403
  1.208392  6.398
  1.209245  6.398
  1.209613  6.394
  1.210343  6.394
  1.211320  6.387
  1.211810  6.383
  1.212419  6.387
  1.213639  6.383
  1.213885  6.383
  1.214738  6.378
  1.215837  6.378
  1.216083  6.376
  1.217179  6.373
  1.217303  6.369
  1.218034  6.373
  1.219501  6.373
  1.220231  6.372
  1.220721  6.371
  1.221452  6.369
  1.221820  6.369
  1.222550  6.369
  1.223771  6.368
  1.223895  6.365
  1.224870  6.365
  1.226214  6.368
  1.226823  6.365
  1.227313  6.365
  1.227921  6.365
  1.228412  6.365
  1.229020  6.365
  1.230119  6.362
  1.231833  6.359
  1.232194  6.357
  1.232440  6.357
  1.232887  6.354
  1.233659  6.351
  1.233783  6.348
  1.234757  6.346
  1.234839  6.344
  1.234881  6.344
  1.235980  6.344
  1.236370  6.344
  1.237140  6.343
  1.237199  6.341
  1.237323  6.341
  1.237912  6.341
  1.238297  6.339
  1.238421  6.341
  1.238678  6.340
  1.239396  6.340
  1.239440  6.340
  1.239520  6.338
  1.240205  6.340
  1.240617  6.340
  1.240619  6.340
  1.240972  6.340
  1.241715  6.340
  1.241717  6.340
  1.241741  6.340
  1.242508  6.340
  1.243058  6.340
  1.243272  6.340
  1.244042  6.340
  1.244279  6.338
  1.244811  6.333
  1.245257  6.333
  1.245866  6.333
  1.246346  6.333
  1.246356  6.329
  1.246964  6.324
  1.247110  6.324
  1.247879  6.323
  1.248063  6.320
  1.248642  6.320
  1.248919  6.322
  1.249162  6.320
  1.249404  6.318
  1.250018  6.317
  1.250260  6.317
  1.250473  6.318
  1.251243  6.318
  1.251481  6.316
  1.251727  6.314
  1.252015  6.316
  1.252702  6.318
  1.252784  6.315
  1.252948  6.314
  1.253551  6.314
  1.254318  6.314
  1.254777  6.312
  1.255082  6.312
  1.255846  6.311
  1.256608  6.313
  1.257096  6.310
  1.257370  6.308
  1.258132  6.307
  1.258317  6.309
  1.258894  6.309
  1.259664  6.308
  1.260026  6.308
  1.260429  6.308
  1.261191  6.308
  1.261247  6.308
  1.261953  6.308
  1.262467  6.310
  1.262718  6.310
  1.263489  6.310
  1.264054  6.310
  1.264253  6.310
  1.265020  6.310
  1.265153  6.309
  1.265785  6.306
  1.266553  6.303
  1.266740  6.302
  1.267318  6.302
  1.267838  6.302
  1.268082  6.302
  1.268849  6.302
  1.269181  6.301
  1.270027  6.300
  1.270158  6.297
  1.270792  6.294
  1.271256  6.294
  1.271557  6.291
  1.272329  6.291
  1.272355  6.291
  1.273092  6.285
  1.273576  6.293
  1.273860  6.293
  1.274621  6.289
  1.274674  6.287
  1.275383  6.283
  1.276150  6.280
  1.276505  6.282
  1.276913  6.280
  1.277482  6.282
  1.277680  6.282
  1.278445  6.280
  1.278825  6.282
  1.279213  6.282
  1.279923  6.282
  1.279978  6.285
  1.280740  6.285
  1.281022  6.283
  1.281506  6.280
  1.282243  6.280
  1.282278  6.283
  1.283042  6.286
  1.283341  6.284
  1.283813  6.284
  1.284440  6.281
  1.284578  6.277
  1.285345  6.280
  1.286106  6.272
  1.286869  6.267
  1.287631  6.272
  1.287858  6.267
  1.288396  6.267
  1.289079  6.263
  1.289513  6.262
  1.290177  6.263
  1.290285  6.260
  1.291048  6.259
  1.291276  6.260
  1.291816  6.260
  1.292497  6.262
  1.292578  6.267
  1.293339  6.263
  1.293719  6.264
  1.294114  6.266
  1.294818  6.266
  1.294875  6.266
  1.295640  6.265
  1.296039  6.263
  1.296406  6.263
  1.296647  6.263
  1.297137  6.263
  1.297172  6.263
  1.297746  6.260
  1.297939  6.263
  1.298236  6.263
  1.298706  6.261
  1.299212  6.258
  1.299471  6.257
  1.300065  6.256
  1.300235  6.254
  1.300921  6.251
  1.301001  6.248
  1.301164  6.248
  1.301768  6.244
  1.301898  6.244
  1.302384  6.247
  1.302532  6.248
  1.302997  6.251
  1.303296  6.251
  1.303483  6.246
  1.303973  6.246
  1.304066  6.251
  1.304704  6.251
  1.304830  6.251
  1.305194  6.256
  1.305592  6.256
  1.306293  6.259
  1.306356  6.261
  1.306901  6.261
  1.307125  6.259
  1.307513  6.257
  1.307889  6.251
  1.308122  6.253
  1.308658  6.248
  1.309342  6.251
  1.309421  6.249
  1.310186  6.249
  1.310441  6.245
  1.311540  6.249
  1.311717  6.249
  1.312760  6.249
  1.313309  6.245
  1.313859  6.245
  1.314080  6.248
  1.314844  6.253
  1.315202  6.253
  1.316178  6.254
  1.316373  6.253
  1.317140  6.253
  1.317279  6.251
  1.317399  6.252
  1.317906  6.247
  1.318498  6.252
  1.318500  6.247
  1.318667  6.243
  1.319429  6.242
  1.319596  6.246
  1.319720  6.244
  1.320193  6.244
  1.320819  6.244
  1.320957  6.245
  1.321427  6.245
  1.321721  6.243
  1.322406  6.245
  1.322487  6.247
  1.322648  6.245
  1.323255  6.246
  1.323871  6.245
  1.324023  6.245
  1.324790  6.244
  1.324967  6.245
  1.325091  6.245
  1.325551  6.245
  1.326066  6.245
  1.326312  6.243
  1.326316  6.241
  1.327078  6.238
  1.327287  6.239
  1.327411  6.238
  1.327839  6.238
  1.328601  6.238
  1.328996  6.237
  1.329972  6.238
  1.330132  6.237
  1.330901  6.236
  1.331071  6.233
  1.331439  6.233
  1.331663  6.232
  1.332860  6.232
  1.332902  6.233
  1.333623  6.233
  1.334001  6.233
  1.334386  6.233
  1.335099  6.234
  1.335153  6.232
  1.335921  6.232
  1.336320  6.231
  1.336682  6.231
  1.337419  6.233
  1.337447  6.233
  1.338211  6.233
  1.338639  6.231
  1.338973  6.233
  1.339374  6.233
  1.339735  6.233
  1.339738  6.231
  1.340497  6.231
  1.340969  6.229
  1.341262  6.227
  1.341569  6.227
  1.342029  6.229
  1.342059  6.232
  1.342546  6.232
  1.342791  6.231
  1.343553  6.235
  1.343621  6.237
  1.343644  6.237
  1.344314  6.233
  1.344865  6.233
  1.345082  6.237
  1.345846  6.238
  1.345963  6.239
  1.346608  6.239
  1.347062  6.239
  1.347373  6.239
  1.348135  6.238
  1.348161  6.237
  1.348900  6.232
  1.349259  6.233
  1.349662  6.229
  1.350424  6.225
  1.350480  6.228
  1.351199  6.231
  1.351579  6.231
  1.352471  6.231
  1.352677  6.227
  1.353233  6.227
  1.353307  6.227
  1.353654  6.228
  1.354003  6.231
  1.354188  6.234
  1.354630  6.234
  1.354770  6.237
  1.355536  6.237
  1.355953  6.242
  1.356301  6.242
  1.356838  6.242
  1.356950  6.242
  1.357068  6.236
  1.357718  6.233
  1.357834  6.236
  1.358048  6.235
  1.358598  6.235
  1.359147  6.239
  1.359362  6.239
  1.359475  6.238
  1.360123  6.239
  1.360892  6.236
  1.361009  6.236
  1.361344  6.236
  1.361656  6.236
  1.361891  6.239
  1.362422  6.239
  1.362443  6.239
  1.362771  6.241
  1.363184  6.239
  1.363664  6.246
  1.363950  6.239
  1.364518  6.236
  1.364538  6.236
  1.364712  6.236
  1.365417  6.236
  1.365476  6.235
  1.365739  6.235
  1.366243  6.231
  1.366838  6.235
  1.366905  6.231
  1.367010  6.230
  1.367774  6.230
  1.368539  6.230
  1.368669  6.230
  1.369301  6.227
  1.369767  6.225
  1.370066  6.224
  1.370832  6.221
  1.370866  6.221
  1.371842  6.221
  1.372323  6.221
  1.373089  6.217
  1.373858  6.213
  1.373918  6.213
  1.374620  6.212
  1.375382  6.213
  1.376144  6.220
  1.376909  6.213
  1.378444  6.212
  1.379206  6.212
  1.395657  6.219
  1.396691  6.227
  1.397953  6.235
  1.398185  6.235
  1.400136  6.237
  1.400382  6.230
  1.400990  6.230
  1.401016  6.232
  1.401899  6.234
  1.402211  6.234
  1.403189  6.226
  1.403310  6.226
  1.404288  6.232
  1.404530  6.236
  1.405509  6.236
  1.406117  6.232
  1.406729  6.229
  1.407338  6.229
  1.407950  6.229
  1.408072  6.226
  1.408437  6.226
  1.409049  6.226
  1.410147  6.229
  1.410756  6.221
  1.411855  6.221
  1.411856  6.225
  1.412146  6.225
  1.413029  6.224
  1.413075  6.220
  1.413199  6.220
  1.414174  6.224
  1.414420  6.220
  1.415395  6.220
  1.415519  6.220
  1.416493  6.225
  1.417716  6.226
  1.418692  6.229
  1.418935  6.229
  1.419911  6.234
  1.420401  6.238
  1.421010  6.238
  1.421500  6.234
  1.422108  6.239
  1.422599  6.240
  1.423329  6.240
  1.423819  6.240
  1.424428  6.240
  1.424918  6.244
  1.425526  6.240
  1.425894  6.242
  1.427846  6.247
  1.427970  6.247
  1.430287  6.242
  1.431996  6.242
  1.432486  6.235
  1.432973  6.233
  1.434071  6.237
  1.434684  6.234
  1.435292  6.238
  1.436391  6.243
  1.437369  6.238
  1.437489  6.238
  1.438588  6.233
  1.439688  6.233
  1.440787  6.233
  1.440907  6.230
  1.442008  6.230
  1.442128  6.233
  1.443227  6.233
  1.444325  6.234
  1.445424  6.234
  1.446278  6.234
  1.447499  6.232
  1.447501  6.232
  1.448598  6.231
  1.448600  6.233
  1.449696  6.234
  1.450917  6.239
  1.450919  6.243
  1.452018  6.242
  1.452748  6.242
  1.453847  6.238
  1.454337  6.233
  1.454945  6.231
  1.455436  6.230
  1.456166  6.230
  1.457387  6.231
  1.457755  6.231
  1.458607  6.229
  1.459586  6.229
  1.459828  6.227
  1.461049  6.224
  1.462147  6.224
  1.463368  6.222
  1.465688  6.223
  1.466664  6.223
  1.468373  6.221
  1.470692  6.218
  1.471791  6.216
  1.472890  6.216
  1.475331  6.216
  1.476430  6.214
  1.478017  6.216
  1.479115  6.214
  1.480214  6.213
  1.481313  6.210
  1.490436  6.207
  1.491320  6.203
  1.492197  6.199
  1.493075  6.197
  1.493959  6.193
  1.494839  6.190
  1.499972  6.187
  1.500854  6.187
  1.501740  6.187
  1.502620  6.190
  1.503499  6.190
  1.504382  6.190
  1.505266  6.190
  1.506144  6.185
  1.507027  6.185
  1.507909  6.190
  1.509061  6.190
  1.509941  6.192
  1.510825  6.195
  1.513470  6.195
  1.514348  6.197
  1.515233  6.197
  1.516115  6.197
  1.516998  6.195
  1.518321  6.197
  1.519201  6.200
  1.520087  6.200
  1.520965  6.200
  1.529165  6.200
  1.530929  6.200
  1.531811  6.199
  1.532690  6.198
  1.533573  6.199
  1.534457  6.193
  1.534893  6.201
  1.536542  6.201
  1.536968  6.204
  1.538306  6.205
  1.539183  6.209
  1.540061  6.202
  1.540508  6.202
  1.541818  6.202
  1.542095  6.204
  1.542695  6.204
  1.543575  6.204
  1.544293  6.205
  1.544454  6.205
  1.545687  6.204
  1.546566  6.205
  1.547955  6.204
  1.548330  6.202
  1.549209  6.200
  1.550086  6.197
  1.550963  6.195
  1.551841  6.195
  1.557841  6.195
  1.559595  6.192
  1.560475  6.185
  1.561352  6.192
  1.563115  6.192
  1.563580  6.192
  1.565777  6.193
  1.566252  6.193
  1.567131  6.193
  1.567608  6.201
  1.568015  6.199
  1.568707  6.209
  1.569770  6.216
  1.570171  6.216
  1.570652  6.214
  1.571535  6.206
  1.571880  6.214
  1.571990  6.218
  1.572857  6.218
  1.573089  6.218
  1.573956  6.214
  1.574187  6.217
  1.575054  6.217
  1.575164  6.216
  1.576153  6.216
  1.576385  6.216
  1.576516  6.216
  1.577483  6.216
  1.578106  6.217
  1.578582  6.217
  1.579327  6.220
  1.579681  6.220
  1.580535  6.219
  1.581524  6.217
  1.581756  6.220
  1.583465  6.220
  1.583477  6.220
  1.585552  6.217
  1.585662  6.217
  1.586651  6.217
  1.586761  6.220
  1.588848  6.217
  1.588958  6.220
  1.590057  6.222
  1.590923  6.222
  1.591155  6.220
  1.592144  6.220
  1.592376  6.221
  1.593243  6.214
  1.593475  6.214
  1.594573  6.223
  1.594586  6.226
  1.595928  6.231
  1.596892  6.235
  1.597027  6.237
  1.598370  6.239
  1.599090  6.239
  1.599468  6.239
  1.600310  6.236
